0.8984223266428878
0.9846727010074253
1.1651765683108146
1.5272676034339263
1.6477703762175526
Everything below is after changing joints to rotate xy plane
2.1772138581568274
2.105431848881113
1.8890222677801534
1.3574363828677445
1.1383719849552976
1.1319362843596124
1.900912733145456
1.567329853625425
1.836569245785908
1.5189787547738178
1.516864880648153
1.995415293838906
1.9811575566496222
1.7615778514733438
2.6600037761618998
2.140507197799438
1.9376509865792402
1.799740823011192
1.426244950623206
1.1743722351370378
1.673895337607958
1.222246876079521
1.5844240818501256
1.3237357543102601
1.217509598565048
2.7435896790484713
1.8167914817450748
1.9664307757751676
0.9755996217974661
1.618576877564928
0.8830812900572971
1.2060953913443235
1.4463304731703337
2.329651645180358
1.477788630283162
1.3079092023496088
1.1043453233040532
1.2531358892151627
1.2858257615038742
1.1124031295529104
1.069109507688655
1.5847455522459177
1.187000418314599
1.1942932655534353
1.356835378327374
1.3040119171150597
1.4419654439783
1.4501092403129747
1.1617503936622755
1.7740947638575193
1.1791448741940271
1.6995425779451272
1.2886196911425134
1.615422142792264
1.216090508667172
1.4992824500628494
1.1252719147639736
1.370249267007363
1.3730637355977469
1.2250811022233066
1.3583622715705448
1.7037402506628005
1.4940044310396658
1.4452201988861568
Added Speed
2.2189167726824097
2.278935453545778
1.8142243900241537
4.306400271822489
6.905027891782415
5.844351545460562
3.001345963392092
6.24256015573234
9.742243538215783
4.695570291839459
5.918054834552356
7.113830850267212
6.306102593285597
3.9018603505912006
2.675767886758105
2.265864515329678
8.027683355717128
9.33529238370453
